w =

    2.3880    1.0882    0.0351    1.0882
    0.0503    1.3252    2.3666    1.3251

>> tabulate(ix(:))
  Value    Count   Percent
      1      110     18.33%
      2       83     13.83%
      3      112     18.67%
      4      118     19.67%
      5        1      0.17%
      6       78     13.00%
      7       98     16.33%
>> tabulate(ix(1,:))
  Value    Count   Percent
      1        1      0.33%
      2       36     12.00%
      3      108     36.00%
      4      117     39.00%
      5        0      0.00%
      6       36     12.00%
      7        2      0.67%
>> tabulate(ix(2,:))
  Value    Count   Percent
      1      109     36.33%
      2       47     15.67%
      3        4      1.33%
      4        1      0.33%
      5        1      0.33%
      6       42     14.00%
      7       96     32.00%
>> centers(1:7)

ans =

    0.1401   -4.9047   10.1459   14.9165    7.4862  -10.1447    4.9490

>> mean(K_vec(8000:20000))

ans =

    6.1414
