w =

    2.1563    0.0743
    0.0504    2.0894

>> tabulate(ix(:))
  Value    Count   Percent
      1      105     17.50%
      2       97     16.17%
      3       55      9.17%
      4       96     16.00%
      5       59      9.83%
      6      107     17.83%
      7       40      6.67%
      8       41      6.83%
>> tabulate(ix(1,:))
  Value    Count   Percent
      1        1      0.33%
      2       96     32.00%
      3       52     17.33%
      4        5      1.67%
      5        4      1.33%
      6      104     34.67%
      7       38     12.67%
      8        0      0.00%
>> tabulate(ix(2,:))
  Value    Count   Percent
      1      104     34.67%
      2        1      0.33%
      3        3      1.00%
      4       91     30.33%
      5       55     18.33%
      6        3      1.00%
      7        2      0.67%
      8       41     13.67%
>> plot(u_vec)
>> centers(1:8)

ans =

    5.0820   15.0416   -9.8725   -0.0499   -5.0027    9.9423   -5.0607  -10.0084

>> mean(K_vec(8000:10000))

ans =

    8.0785
